1587308022163 9.27595142275095 0
1587308023628 2.409176668152213 0
1587308025000 2.5804396718740463 0
1587308026520 2.380717545747757 0
1587308027897 1.6613219631835818 0
1587308029277 1.772209769114852 0
1587308030732 0.7480384665541351 0
1587308032103 0.9454714599996805 0
1587308033488 0.767305726185441 0
1587308034992 1.0221098782494664 0
1587308036381 0.7540778024122119 0
1587308037753 0.7323685567826033 0
1587308041320 0.5716184386983514 0
1587308042706 0.5443523405119777 0
1587308044069 0.5199246224947274 0
1587308045445 0.5933117936365306 0
1587308046815 0.3629989514593035 0
1587308048205 0.37314512883313 0
1587308049575 0.3634462191257626 0
1587308050964 0.5537362885661423 0
1587308052339 0.6013319361954927 0
1587308053715 0.5413330509327352 0
1587308055084 0.7081414223648608 0
1587308056468 0.5368026322685182 0
1587308060093 0.29656101833097637 0
1587308061465 0.25239502429030836 0
1587308062849 0.831630255561322 0
1587308064230 0.375576491933316 0
1587308065603 0.18251432629767805 0
1587308066977 0.26675520348362625 0
1587308068363 0.3636875771917403 0
1587308070224 0.5741312634199858 0
1587308072065 0.4600552492775023 0
1587308073444 0.47005200758576393 0
1587308074825 0.29179250122979283 0
1587308076182 0.44799919123761356 0
1587308079745 0.3967299999203533 0
1587308081131 0.5093917134217918 0
1587308082488 0.29631328652612865 0
1587308083871 0.2655054850038141 0
1587308085231 0.26854686439037323 0
1587308086617 0.262767804088071 0
1587308087997 0.5079001421108842 0
1587308089373 0.3109461977146566 0
1587308090753 0.4532734164968133 0
1587308092149 0.34525798400864005 0
1587308093515 0.35712565295398235 0
1587308094909 0.2304031659150496 0
