1587307945865 9.092647582292557 0
1587307947217 2.349508460611105 0
1587307948632 1.4070579782128334 0
1587307949990 1.6240673139691353 0
1587307951372 1.0778999421745539 0
1587307952833 1.1783657828345895 0
1587307954248 1.109133823774755 0
1587307955624 1.2521372409537435 0
1587307956997 1.1581628350540996 0
1587307958382 1.359292189590633 0
1587307959745 0.9132992126978934 0
1587307961136 1.2756214709952474 0
1587307964792 1.2703035026788712 0
1587307966188 0.6087907822802663 0
1587307967571 0.7874831790104508 0
1587307968951 0.8987918845377862 0
1587307970354 0.6926116766408086 0
1587307971776 0.8001977112144232 0
1587307973180 1.230535563081503 0
1587307974547 0.6880243890918791 0
1587307975976 0.6522490293718874 0
1587307977355 0.7128098513931036 0
1587307978743 0.606466899625957 0
1587307980142 0.7942779338918626 0
1587307983718 0.5383876850828528 0
1587307985182 0.4227031604386866 0
1587307986549 0.7205242291092873 0
1587307987942 0.46399261918850243 0
1587307989295 0.5118941189721227 0
1587307990663 0.5060854600742459 0
1587307992052 0.510120065882802 0
1587307993424 0.5272550042718649 0
1587307994800 0.6639722851105034 0
1587307996185 0.6283540860749781 0
1587307997574 0.43397938134148717 0
1587307998964 0.5816139164380729 0
1587308002579 0.4583637055475265 0
1587308003951 0.29255455592647195 0
1587308005320 0.5776645848527551 0
1587308006671 0.5027148290537298 0
1587308008144 0.3847403859253973 0
1587308009517 0.30247480026446283 0
1587308010914 0.36903389263898134 0
1587308012284 0.4293128731660545 0
1587308013649 0.5517107201740146 0
1587308015062 0.3231766168028116 0
1587308016437 0.44273133971728384 0
1587308017816 0.5944321164861321 0
