1587308099204 9.046613238751888 0
1587308100587 2.617661142721772 0
1587308101964 3.2150165643543005 0
1587308103358 2.248670905828476 0
1587308104739 5.444836337119341 0
1587308106102 3.4549315460026264 0
1587308107487 2.4423873983323574 0
1587308108858 2.2613354958593845 0
1587308110222 2.572079887613654 0
1587308111603 2.236383967101574 0
1587308112972 2.19737715087831 0
1587308114347 1.8171960255131125 0
1587308117932 1.6451949486508965 0
1587308119295 1.778589328750968 0
1587308120656 1.928209443576634 0
1587308122056 1.1200379813089967 0
1587308123436 1.7550940392538905 0
1587308124805 1.0244359727948904 0
1587308126171 1.3794716214761138 0
1587308127554 1.3252665521577 0
1587308128924 1.7113098874688148 0
1587308130279 1.411228091455996 0
1587308131637 1.2116815196350217 0
1587308133000 1.1957174865528941 0
1587308136614 0.8365553221665323 0
1587308137990 1.090062316507101 0
1587308139339 0.5909489700570703 0
1587308140806 1.2042105663567781 0
1587308142186 1.1534409131854773 0
1587308143944 0.43286665459163487 0
1587308145732 1.359958783723414 0
1587308146972 1.3492703437805176 0
1587308149004 1.1656269198283553 0
1587308150762 0.784006726462394 0
1587308151826 1.0814234847202897 0
1587308153276 1.5967157669365406 0
1587308157096 1.3403564225882292 0
1587308158873 0.7386616780422628 0
1587308160153 0.7696454413235188 0
1587308161418 0.948613858781755 0
1587308162682 0.7957815541885793 0
1587308163849 0.9936854476109147 0
1587308165382 0.5256571457721293 0
1587308166937 1.5936639392748475 0
1587308168188 1.095213694497943 0
1587308169501 1.0078294435516 0
1587308170798 0.7039171177893877 0
1587308172275 0.7785964990034699 0
