1587306898099 9.200368076562881 0
1587306899366 3.5194766242057085 0
1587306901002 1.7999799456447363 0
1587306902278 1.7936015501618385 0
1587306903735 1.2432548683136702 0
1587306904952 1.191666815429926 0
1587306906137 1.3645128346979618 0
1587306907409 1.3443444622680545 0
1587306908766 1.1992178624495864 0
1587306909965 1.1370487045496702 0
1587306911158 1.3486723182722926 0
1587306912614 1.0580733651295304 0
1587306916240 1.3393987901508808 0
1587306917417 0.778024666942656 0
1587306918596 1.008381717838347 0
1587306919969 0.833289697766304 0
1587306921263 1.0999311925843358 0
1587306922743 0.8057187660597265 0
1587306924314 1.1849625734612346 0
1587306926151 0.6711108144372702 0
1587306927565 0.9423151495866477 0
1587306929141 0.8817015332169831 0
1587306930729 0.890460389200598 0
1587306932064 1.032213680446148 0
1587306935176 0.9421947761438787 0
1587306936358 0.9753688937053084 0
1587306937556 1.007025595754385 0
1587306938989 0.7924482924863696 0
1587306940341 1.0073956800624728 0
1587306941731 0.885447661858052 0
1587306943468 0.6665501859970391 0
1587306944636 0.8922657580114901 0
1587306945856 0.5845209816470742 0
1587306947479 0.6427757325582206 0
1587306948691 0.766345183365047 0
1587306949914 0.5397737259045243 0
1587306953843 0.8018063381314278 0
1587306955132 0.6892646779306233 0
1587306956570 0.564579910133034 0
1587306958076 0.5141613655723631 0
1587306959388 0.6552610429935157 0
1587306960665 0.6815808010287583 0
1587306961952 0.6265836418606341 0
1587306963236 0.6547766388393939 0
1587306964497 0.6148086977191269 0
1587306965782 0.5573245580308139 0
1587306967071 0.49148674588650465 0
1587306968342 0.7967261481098831 0
