1587308495858 8.884226903319359 0
1587308497226 2.637349534779787 0
1587308498611 2.356162993237376 0
1587308499999 1.5545666683465242 0
1587308501426 1.6058345790952444 0
1587308502809 1.2356536462903023 0
1587308504344 1.4389214338734746 0
1587308505733 1.5621084021404386 0
1587308507140 0.8025490096770227 0
1587308508522 1.0787148494273424 0
1587308509983 1.0640551336109638 0
1587308511369 0.8674265700392425 0
1587308515076 0.46665003173984587 0
1587308516451 0.81510009476915 0
1587308517826 0.7521870429627597 0
1587308519221 0.8971698698587716 0
1587308520606 0.6350598414428532 0
1587308522046 0.8536699460819364 0
1587308523529 0.3282050311099738 0
1587308524984 0.5963258445262909 0
1587308526370 0.8105876040644944 0
1587308527767 1.213633338920772 0
1587308529145 0.6197447655722499 0
1587308530536 0.9172696154564619 0
1587308534314 0.9437960106879473 0
1587308535704 0.829993630759418 0
1587308537120 0.45121953007765114 0
1587308538531 0.8145677857100964 0
1587308539910 0.7227887399494648 0
1587308541304 0.5735781160183251 0
1587308542864 0.564141315408051 0
1587308544352 0.6473885732702911 0
1587308545782 0.5511995404958725 0
1587308547164 0.5253212875686586 0
1587308548565 0.5369692225940526 0
1587308549931 0.4775861161760986 0
1587308553567 0.45663153287023306 0
1587308554955 0.5863508558832109 0
1587308556371 0.4440956690814346 0
1587308557819 0.21800576359964907 0
1587308559202 0.6520393071696162 0
1587308560591 0.274163787253201 0
1587308562008 0.5870521999895573 0
1587308563388 0.3878198331221938 0
1587308564766 0.7497980841435492 0
1587308566136 0.45289567788131535 0
1587308567514 0.3024719189852476 0
1587308568908 0.3976922307629138 0
