1587308573165 8.958784863352776 0
1587308574552 5.679572932422161 0
1587308575948 3.5859541967511177 0
1587308577334 3.9875884540379047 0
1587308578699 3.6915973760187626 0
1587308580079 5.152842029929161 0
1587308581464 3.1371014192700386 0
1587308582851 3.2922583632171154 0
1587308584248 3.0200358014553785 0
1587308585629 2.9160736594349146 0
1587308587026 2.869559684768319 0
1587308588413 3.318028524518013 0
1587308592005 3.256888361647725 0
1587308593396 3.596198046579957 0
1587308594797 5.208437796682119 0
1587308596204 5.041833035647869 0
1587308597629 3.9613856934010983 0
1587308599034 5.234359763562679 0
1587308600435 4.14575869217515 0
1587308601841 5.425378680229187 0
1587308603220 3.480722662061453 0
1587308604591 4.376980010420084 0
1587308606012 3.8758087903261185 0
1587308607382 4.778842441737652 0
1587308610986 4.70361765474081 0
1587308612367 4.883901681751013 0
1587308613752 3.8459545467048883 0
1587308615123 3.7475849967449903 0
1587308616502 3.5245364997535944 0
1587308617869 4.84624644741416 0
1587308619249 4.253646358847618 0
1587308620604 4.607669077813625 0
1587308621989 4.613686818629503 0
1587308623382 5.195673555135727 0
1587308624778 5.311015993356705 0
1587308626166 4.554272163659334 0
1587308629763 5.47789828851819 0
1587308631159 4.159917589277029 0
1587308632536 4.700061399489641 0
1587308633946 4.490337334573269 0
1587308635322 5.247076507657766 0
1587308636712 5.606967490166426 0
1587308638115 5.1171788945794106 0
1587308639500 5.74002368375659 0
1587308640902 4.969253670424223 0
1587308642288 15.326295047998428 0
1587308643684 4.73776925355196 0
1587308645052 5.92750683426857 0
