1587307752130 8.942661806941032 0
1587307754300 3.4869262017309666 0
1587307756459 1.8767875153571367 0
1587307758680 1.76095066126436 0
1587307760925 1.7357637407258153 0
1587307763144 1.30774627905339 0
1587307765328 1.6689570620656013 0
1587307767509 1.3188030570745468 0
1587307769724 1.1907919542863965 0
1587307771969 0.9424586896784604 0
1587307774197 0.7303840247914195 0
1587307776381 1.0510915890336037 0
1587307781911 0.7378520094789565 0
1587307784140 1.2126595247536898 0
1587307786426 1.015770947560668 0
1587307788663 0.6966542568989098 0
1587307790885 0.8433766197413206 0
1587307793055 0.7950146100483835 0
1587307795251 0.7271767826750875 0
1587307797925 0.7238099351525307 0
1587307802053 0.5911026964895427 0
1587307806235 0.6466263439506292 0
1587307808358 0.8282086928375065 0
1587307809867 0.6557898595929146 0
1587307814399 0.39903391734696925 0
1587307815818 0.8571944199502468 0
1587307817300 0.47599428216926754 0
1587307818705 0.36546553019434214 0
1587307820735 0.53885841043666 0
1587307822905 0.40131559944711626 0
1587307824472 0.3827729378826916 0
1587307826045 0.6824255688115954 0
1587307828007 0.6866532494314015 0
1587307829707 0.7070361170917749 0
1587307831267 0.6413648370653391 0
1587307832511 0.46763382852077484 0
1587307836447 0.49855466932058334 0
1587307837622 0.4461321223061532 0
1587307838786 0.33138709841296077 0
1587307839970 0.4023726796731353 0
1587307841147 0.4762849130202085 0
1587307842526 0.2373156457906589 0
1587307844104 0.904159969650209 0
1587307845340 0.39154206751845777 0
1587307848112 0.5160081200301647 0
1587307850749 0.2716024173423648 0
1587307852496 0.27497264090925455 0
1587307854123 0.5694032879546285 0
