1587306703723 9.368812665343285 0
1587306705032 4.761795978993177 0
1587306706357 1.6277988906949759 0
1587306707974 1.7948272870853543 0
1587306709256 1.46469718310982 0
1587306710516 1.5812088968232274 0
1587306711808 1.2867286568507552 0
1587306713077 1.4210735680535436 0
1587306714355 1.4998448314145207 0
1587306715643 1.045933342538774 0
1587306717108 1.072425744496286 0
1587306720325 1.0396838188171387 0
1587306725486 0.8121636928990483 0
1587306726826 1.651440397836268 0
1587306727993 1.0686980094760656 0
1587306729163 0.8249936508946121 0
1587306730606 1.1914711212739348 0
1587306734344 0.9393856162205338 0
1587306736852 1.371347694657743 0
1587306739149 0.8929058676585555 0
1587306743057 0.947976135648787 0
1587306744468 0.8922138949856162 0
1587306746698 0.9949990781024098 0
1587306750582 0.8678384474478662 0
1587306757050 0.6232479936443269 0
1587306758589 0.9741345420479774 0
1587306760044 0.9242836385965347 0
1587306762086 0.8308708784170449 0
1587306763478 0.646619126200676 0
1587306764833 0.746650155633688 0
1587306766204 0.9184562950395048 0
1587306767500 0.6952574476599693 0
1587306768791 0.7841240731067955 0
1587306770103 0.6810498889535666 0
1587306771391 0.6610560230910778 0
1587306772686 0.42624142952263355 0
1587306776099 0.515946070663631 0
1587306777462 0.5550066707655787 0
1587306778886 1.0831959079951048 0
1587306780442 0.6625946843996644 0
1587306781772 0.6838728440925479 0
1587306783140 0.823766749817878 0
1587306784467 0.5063641583546996 0
1587306785835 0.6179481861181557 0
1587306787206 0.5933975917287171 0
1587306788524 0.7441152702085674 0
1587306789840 0.7054595043882728 0
1587306791157 0.5938397953286767 0
