1587308337752 8.917826227843761 0
1587308339125 5.353424232453108 0
1587308340533 4.769328981637955 0
1587308341925 3.723184345290065 0
1587308343328 3.1948962714523077 0
1587308344711 3.3221044577658176 0
1587308346105 4.53062541782856 0
1587308347478 2.696980256587267 0
1587308348853 2.588745439425111 0
1587308350213 2.594651188701391 0
1587308351606 4.558465909212828 0
1587308352993 3.4755521919578314 0
1587308356598 2.2251408081501722 0
1587308357976 2.501255366951227 0
1587308359373 2.4700157810002565 0
1587308360752 2.0078392699360847 0
1587308362149 2.8495381120592356 0
1587308363548 1.7444429686293006 0
1587308364930 2.5928900577127934 0
1587308366309 2.910105511546135 0
1587308367707 2.3776362650096416 0
1587308369093 2.3660094011574984 0
1587308370489 2.5024914648383856 0
1587308371888 2.4230352137237787 0
1587308375547 1.9487562822178006 0
1587308376947 4.421771038323641 0
1587308378322 3.1949500553309917 0
1587308379713 2.064969390630722 0
1587308381104 2.456669695675373 0
1587308382480 2.638034988194704 0
1587308383863 2.096379641443491 0
1587308385246 2.1988318767398596 0
1587308386648 2.084644278511405 0
1587308388036 1.7701972974464297 0
1587308389415 2.477395348250866 0
1587308390799 1.9229291938245296 0
1587308394409 1.9599064253270626 0
1587308395763 2.174695488065481 0
1587308397144 1.6266867751255631 0
1587308398521 1.8247361294925213 0
1587308399912 2.789199585095048 0
1587308401310 2.5646667927503586 0
1587308402694 1.6449829563498497 0
1587308404072 2.451973734423518 0
1587308405448 2.1610045805573463 0
1587308406841 2.5198485236614943 0
1587308408230 2.1728472784161568 0
1587308409621 2.7483876328915358 0
