1587308180288 9.103524498641491 0
1587308182392 1.5284722903743386 0
1587308184266 1.5652887523174286 0
1587308185720 1.3588211731985211 0
1587308187269 0.9003487648442388 0
1587308188689 0.8539230329915881 0
1587308190091 1.3268932234495878 0
1587308191540 1.1024095583707094 0
1587308192948 1.11117132473737 0
1587308194411 0.924516876693815 0
1587308195813 0.7324496982619166 0
1587308197195 0.6734922062605619 0
1587308200909 0.5046225269325078 0
1587308202479 0.3533797280397266 0
1587308204115 0.5308162653818727 0
1587308205775 0.6424523890018463 0
1587308207218 0.5175187834538519 0
1587308208716 0.6240893853828311 0
1587308210116 0.5267593078315258 0
1587308211618 0.5732784047722816 0
1587308213093 0.498604669701308 0
1587308214489 0.43559601181186736 0
1587308215910 0.5095720989629626 0
1587308217316 0.47060969518497586 0
1587308220975 0.33570450614206493 0
1587308222408 0.5835220799781382 0
1587308223892 0.4929530550725758 0
1587308225287 0.4812178376596421 0
1587308226715 0.5509398761205375 0
1587308228122 0.2735525486059487 0
1587308229555 0.2373911120230332 0
1587308230953 0.1970528537640348 0
1587308232405 0.40675868513062596 0
1587308233839 0.4905897076241672 0
1587308235225 0.4362508188933134 0
1587308236619 0.49011874943971634 0
1587308240225 0.25435106363147497 0
1587308241607 0.2934531948994845 0
1587308243206 0.3156015882268548 0
1587308244695 0.40952343260869384 0
1587308246225 0.2916943631134927 0
1587308247632 0.34337060060352087 0
1587308249104 0.2855571510735899 0
1587308250505 0.5717285675927997 0
1587308251907 0.42305540409870446 0
1587308253329 0.47692583757452667 0
1587308254802 0.2913718926720321 0
1587308256220 0.2393607428530231 0
