1587306809015 9.077992290258408 0
1587306810294 4.315624944865704 0
1587306811652 2.2531303111463785 0
1587306813549 1.8391251796856523 0
1587306815024 1.4525825390592217 0
1587306816514 1.1764030205085874 0
1587306817878 1.3476137537509203 0
1587306819155 1.2468345230445266 0
1587306820452 1.6278134426102042 0
1587306821743 1.2640844797715545 0
1587306823038 1.4768593246117234 0
1587306824343 1.4320954214781523 0
1587306827628 1.3015770819038153 0
1587306828907 1.1053854832425714 0
1587306830179 0.8602958987466991 0
1587306831449 1.399036031216383 0
1587306832843 1.0817416477948427 0
1587306834761 0.9961168980225921 0
1587306837108 1.3956250622868538 0
1587306839479 0.7433860446326435 0
1587306841945 0.9060442098416388 0
1587306844126 0.8512274362146854 0
1587306846231 0.9630394633859396 0
1587306848398 0.9295908967033029 0
1587306853115 0.7659250986762345 0
1587306854768 0.9373190114274621 0
1587306856685 0.5469964235089719 0
1587306857878 0.8384580723941326 0
1587306859377 0.8156182593666017 0
1587306861449 0.9382611606270075 0
1587306864533 0.6788165192119777 0
1587306866715 0.8442865218967199 0
1587306868766 0.9806607849895954 0
1587306870339 0.8407558198086917 0
1587306871697 0.7820090977475047 0
1587306873409 0.9047758067026734 0
1587306877316 0.7335040136240423 0
1587306879084 0.9153599967248738 0
1587306880482 0.6551126134581864 0
1587306881665 0.7947952253744006 0
1587306883099 0.6373284850269556 0
1587306884585 0.5826263222843409 0
1587306886362 0.46319200191646814 0
1587306887593 0.4251250356901437 0
1587306889146 0.6678263307549059 0
1587306890689 0.887780508492142 0
1587306892247 0.9558365563862026 0
1587306894030 0.81135198706761 0
