1587306972350 9.143036790192127 0
1587306973622 4.049733746796846 0
1587306974913 2.141118049621582 0
1587306976210 1.1331182904541492 0
1587306977506 1.5132247935980558 0
1587306978784 0.8328964468091726 0
1587306980075 0.9733936749398708 0
1587306981340 1.3505556853488088 0
1587306982786 1.4203055761754513 0
1587306984577 1.4505879953503609 0
1587306986516 0.8145938627421856 0
1587306987854 1.2241879012435675 0
1587306990554 0.8967483299784362 0
1587306991673 0.6719448720104992 0
1587306992739 0.9197827312164009 0
1587306993802 0.989655265584588 0
1587306994868 1.0585993295535445 0
1587306995921 1.0756835108622909 0
1587306996975 0.863071356434375 0
1587306998013 1.1147500481456518 0
1587306999075 0.9018952259793878 0
1587307000114 0.9635919122956693 0
1587307001162 0.7845560903660953 0
1587307002212 0.6207162514328957 0
1587307004893 0.8817393681965768 0
1587307005950 0.5967738106846809 0
1587307006994 0.6410350906662643 0
1587307008057 1.1741777416318655 0
1587307009124 0.6433947128243744 0
1587307010191 0.7284507737495005 0
1587307011455 0.637693447060883 0
1587307012746 0.5125856841914356 0
1587307014033 0.5130304489284754 0
1587307015325 0.8704217034392059 0
1587307016606 0.7174715283326805 0
1587307017897 0.5566779873333871 0
1587307021215 1.054540742188692 0
1587307022487 0.8101144921965897 0
1587307023764 0.6718988297507167 0
1587307025134 0.41642485302872956 0
1587307026364 0.7812436670064926 0
1587307027652 0.9189393604174256 0
1587307028806 0.5485962028615177 0
1587307029955 0.4865979717578739 0
1587307031332 0.7372521213255823 0
1587307032507 0.7426533848047256 0
1587307034194 0.4989997250959277 0
1587307035685 0.4428710672073066 0
