1587308414012 9.255023673176765 0
1587308415406 1.9968999549746513 0
1587308416842 1.7534057842567563 0
1587308418213 1.1854177573695779 0
1587308419600 0.7139097433537245 0
1587308420981 1.0260961716994643 0
1587308422370 0.854432990308851 0
1587308423753 0.8451117901131511 0
1587308425128 0.6285813869908452 0
1587308426502 1.2389858020469546 0
1587308428011 0.5540145211853087 0
1587308429420 0.4766261554323137 0
1587308433577 0.8325802627950907 0
1587308436687 0.7748781936243176 0
1587308438731 0.38532132748514414 0
1587308441373 0.3711445606313646 0
1587308443075 0.48292442806996405 0
1587308444479 0.5828404100611806 0
1587308445856 0.35115948412567377 0
1587308447246 0.33035039086826146 0
1587308448619 0.5845074192620814 0
1587308450412 0.21981481404509395 0
1587308451950 0.4074194293934852 0
1587308453402 0.7011879933997989 0
1587308456976 0.3883463214151561 0
1587308458350 0.40047161746770144 0
1587308459734 0.6601357599720359 0
1587308461177 0.7842808263376355 0
1587308462612 0.2948952605947852 0
1587308463985 0.40701465331949294 0
1587308465374 0.6394125521183014 0
1587308466854 0.5902779521420598 0
1587308468269 0.4468938859645277 0
1587308469640 0.4186778387520462 0
1587308471152 0.43429352808743715 0
1587308472557 0.3663252282422036 0
1587308476182 0.13703916920349002 0
1587308477560 0.2967948967125267 0
1587308478931 0.3055970591958612 0
1587308480301 0.3149832773488015 0
1587308481665 0.27302521630190313 0
1587308483168 0.5235107382759452 0
1587308484534 0.33755216281861067 0
1587308485935 0.5227186484262347 0
1587308487297 0.1935468171723187 0
1587308488664 0.6634460878558457 0
1587308490058 0.493737927172333 0
1587308491423 0.5281077465042472 0
