1587308260565 9.023690596222878 0
1587308261951 1.254091621376574 0
1587308263377 1.90954958088696 0
1587308264760 1.451050047762692 0
1587308266280 1.4825304970145226 0
1587308267687 0.912631512619555 0
1587308269058 0.8481960976496339 0
1587308270459 0.8645187481306493 0
1587308271842 0.6773186614736915 0
1587308273207 0.6670983275398612 0
1587308274599 0.5708358949050307 0
1587308275965 0.9404407464899123 0
1587308279690 0.6859419518150389 0
1587308281117 1.2724882690235972 0
1587308282590 0.38167909951880574 0
1587308283971 0.6127772503532469 0
1587308285340 0.4282163572497666 0
1587308286737 0.6993445567786694 0
1587308288137 0.19967183470726013 0
1587308289527 0.740271934773773 0
1587308290922 0.6505912751890719 0
1587308292304 0.6985391955822706 0
1587308293793 0.47569023445248604 0
1587308295357 0.578210165258497 0
1587308298975 0.8391149458475411 0
1587308300352 0.3794914809986949 0
1587308301752 0.46316071529872715 0
1587308303151 0.2781531075015664 0
1587308304639 0.5526505410671234 0
1587308306068 0.28875371208414435 0
1587308307478 0.321646046359092 0
1587308308865 0.45264867367222905 0
1587308310273 0.29343002825044096 0
1587308311674 0.6235493929125369 0
1587308313072 0.6725001730956137 0
1587308314591 0.36273058503866196 0
1587308318204 0.2914188080467284 0
1587308319591 0.3007538034580648 0
1587308320986 0.2607225615065545 0
1587308322362 0.399417505832389 0
1587308323747 0.48498850082978606 0
1587308325125 0.34623430110514164 0
1587308326501 0.11055103095714003 0
1587308327890 0.5034584901295602 0
1587308329262 0.2381935337325558 0
1587308330648 0.4436698800418526 0
1587308332025 0.22684509167447686 0
1587308333396 0.706565857399255 0
