1587307650130 8.985772728919983 0
1587307651539 3.8213785737752914 0
1587307652906 1.8752581672742963 0
1587307654800 1.6113239107653499 0
1587307656095 0.9577780147083104 0
1587307657413 1.6743497690185905 0
1587307658970 1.365718082524836 0
1587307660061 0.857514445669949 0
1587307661617 1.339269452728331 0
1587307663323 1.2579148169606924 0
1587307664728 1.2147336965426803 0
1587307666490 1.4825987163931131 0
1587307670142 0.8470879402011633 0
1587307671364 0.8417802164331079 0
1587307672439 0.9855456883087754 0
1587307673536 1.3785106129944324 0
1587307674568 0.7952656014822423 0
1587307675839 1.140032080002129 0
1587307676965 0.7941220537759364 0
1587307678027 0.8201912860386074 0
1587307679089 1.1839006328955293 0
1587307680158 0.7032416178844869 0
1587307681247 0.9690561564639211 0
1587307682342 0.9906624909490347 0
1587307686298 0.8199501899071038 0
1587307688571 0.7104791584424675 0
1587307690472 0.8943667053245008 0
1587307692538 0.6277812644839287 0
1587307693930 0.8648153743706644 0
1587307695450 0.8974813390523195 0
1587307697655 0.8117999532260001 0
1587307699518 0.6356592057272792 0
1587307701434 0.8903248817659914 0
1587307703056 0.7208958850242198 0
1587307705012 0.616427103523165 0
1587307706375 0.5736855673603714 0
1587307709833 0.44431074638850987 0
1587307711806 0.9518235456198454 0
1587307714791 0.8407226414419711 0
1587307718670 0.657519674859941 0
1587307722850 0.8117624092847109 0
1587307727126 0.8725609513930976 0
1587307731113 0.6631496362388134 0
1587307735069 0.6853821105323732 0
1587307737907 0.7565649575553834 0
1587307740095 0.6050750380381942 0
1587307742372 0.9220021311193705 0
1587307744553 0.6009340868331492 0
