1587307860272 9.159518405795097 0
1587307861827 3.5249972715973854 0
1587307862957 1.8915130058303475 0
1587307864291 3.7675281055271626 0
1587307865496 4.0574162267148495 0
1587307866779 2.6120711117982864 0
1587307867901 3.604435594752431 0
1587307869388 2.5679816026240587 0
1587307870704 1.68749934528023 0
1587307871829 1.7371934372931719 0
1587307873306 1.1580794816836715 0
1587307874643 1.8268333515152335 0
1587307879511 1.5645858366042376 0
1587307881584 1.3137732166796923 0
1587307883128 1.0578151559457183 0
1587307885002 1.3886159285902977 0
1587307887824 0.6278582732193172 0
1587307889887 1.3323900057002902 0
1587307892250 1.120819477364421 0
1587307895154 1.1493666097521782 0
1587307896721 0.6697901408188045 0
1587307898183 0.9257644414901733 0
1587307900417 0.6751236505806446 0
1587307902723 0.6017224513925612 0
1587307906746 0.6868658820167184 0
1587307908167 0.5231185350567102 0
1587307909607 0.6121271871961653 0
1587307910982 0.4413308633957058 0
1587307912353 0.42270476114936173 0
1587307913810 0.4074235912412405 0
1587307915262 0.5366653203964233 0
1587307916640 0.7427365053445101 0
1587307918018 0.765805714763701 0
1587307919416 0.7919861236587167 0
1587307920793 0.7283486193045974 0
1587307922237 0.3443213936407119 0
1587307925898 0.4622581764124334 0
1587307927412 0.5976788816042244 0
1587307928798 0.28213238692842424 0
1587307930211 0.2808632852975279 0
1587307931697 0.4223193391226232 0
1587307933117 0.30753621831536293 0
1587307934499 0.5909078754484653 0
1587307935883 0.4162836412433535 0
1587307937261 0.634298543445766 0
1587307938637 0.6580580375157297 0
1587307940066 0.41540240636095405 0
1587307941454 0.691178604029119 0
